4294967279,101
4294967279,92
4294967278,156
4294967294,10
4294967279,100
4294967279,99
4294967279,97
4294967279,84
4294967279,338
4294967278,152
4294967278,530
77,6
4294967279,335
4294967278,323
4294967278,538
77,5
4294967278,147
77,4
77,3
77,2
77,1
4294967278,143
4294967278,142
76,5
4294967279,141
76,4
76,3
76,2
76,1
4294967278,524
4294967279,277
4294967279,134
4294967278,133
75,4
75,3
75,2
75,1
4294967278,280
4294967278,522
73,5
73,4
73,3
73,2
73,1
4294967279,333
4294967278,520
4294967279,231
4294967294,430
4294967278,513
4294967294,399
4294967294,407
4294967294,454
4294967294,397
4294967294,160
4294967294,416
4294967294,456
4294967279,326
4294967278,254
4294967278,536
4294967278,535
4294967279,346
4294967279,82
4294967279,345
4294967279,81
4294967279,344
4294967279,80
4294967279,343
4294967279,75
4294967279,250
4294967279,249
72,6
4294967278,246
4294967279,245
4294967278,244
72,5
4294967279,240
72,4
72,3
72,2
72,1
4294967278,316
4294967279,324
4294967278,235
4294967278,233
71,5
71,4
71,3
71,2
71,1
4294967278,226
4294967278,217
4294967279,216
4294967278,214
4294967278,213
4294967278,211
70,4
4294967278,212
70,3
70,2
70,1
4294967279,383
4294967294,476
4294967279,382
68,5
68,4
68,3
68,2
68,1
4294967278,312
4294967278,195
23,2
4294967278,188
23,4
4294967279,188
4294967279,187
4294967278,184
4294967279,311
4294967278,303
4294967278,534
4294967278,26
4294967278,23
4294967278,22
4294967278,21
4294967278,20
4294967278,18
4294967278,15
4294967278,14
4294967278,13
4294967278,11
4294967278,8
4294967278,6
4294967278,5
4294967278,4
4294967279,132
4294967279,131
4294967279,130
4294967279,129
4294967279,128
4294967279,127
4294967279,126
4294967279,125
4294967279,124
4294967279,123
4294967279,122
4294967279,121
4294967279,120
4294967279,119
4294967279,118
4294967279,117
4294967279,116
4294967279,115
4294967279,114
4294967279,113
4294967279,112
4294967279,111
4294967279,110
4294967279,109
4294967279,108
4294967279,107
4294967279,106
4294967279,308
4294967278,302
4294967278,300
4294967279,178
4294967278,322
4294967278,321
4294967279,381
67,5
67,4
67,3
67,2
67,1
4294967278,320
4294967278,157
65,4
65,3
65,2
65,1
4294967278,531
4294967279,336
4294967278,529
4294967278,528
64,6
4294967278,148
64,5
4294967278,146
4294967279,146
64,4
4294967278,145
64,3
64,2
64,1
4294967278,144
4294967294,1359
4294967278,141
63,5
4294967278,140
63,4
4294967279,139
63,3
63,2
63,1
4294967279,279
4294967278,25
4294967278,137
4294967278,136
4294967294,388
4294967279,135
4294967278,272
4294967279,290
4294967278,575
4294967279,275
4294967278,271
4294967279,274
4294967278,268
4294967279,273
62,4
62,3
62,2
62,1
4294967279,272
4294967279,270
4294967278,266
4294967279,269
4294967279,268
4294967278,265
4294967279,286
4294967294,395
4294967294,409
4294967294,421
4294967294,178
4294967294,954
4294967294,385
4294967294,179
4294967294,183
4294967294,398
4294967294,406
4294967294,415
4294967294,535
4294967294,953
4294967294,167
4294967294,459
4294967294,463
4294967294,465
4294967294,112
4294967279,265
4294967278,264
4294967278,263
60,5
4294967279,264
60,4
60,3
60,2
60,1
4294967278,284
4294967279,262
4294967294,162
4294967279,261
4294967278,517
4294967278,519
4294967278,24
4294967278,19
4294967278,17
4294967278,16
4294967278,12
4294967278,10
4294967278,9
4294967278,7
4294967279,330
4294967279,329
4294967278,318
4294967278,319
4294967279,328
4294967279,327
4294967278,317
4294967294,115
4294967278,248
4294967294,967
4294967294,966
4294967294,965
4294967294,964
4294967294,963
4294967294,960
4294967294,923
4294967294,921
4294967294,920
4294967294,919
4294967294,916
4294967294,914
4294967294,906
4294967294,438
4294967294,190
4294967294,185
4294967294,182
4294967294,176
4294967294,173
4294967294,170
4294967294,163
4294967294,161
4294967278,243
4294967278,241
59,6
4294967278,239
4294967279,325
59,5
59,4
59,3
59,2
59,1
4294967278,231
4294967278,224
4294967294,1354
4294967294,422
4294967294,905
4294967294,912
4294967294,961
4294967279,229
4294967278,227
4294967278,225
58,5
4294967278,222
4294967278,220
58,4
4294967279,220
58,3
58,2
58,1
4294967278,216
4294967278,574
4294967279,323
4294967278,210
4294967278,209
4294967278,207
57,4
57,3
57,2
57,1
4294967278,573
4294967278,206
4294967278,205
4294967279,320
4294967278,203
4294967278,572
4294967279,380
4294967279,318
55,5
4294967278,199
55,4
4294967278,198
55,3
55,2
55,1
4294967278,197
4294967279,317
4294967294,389
4294967278,192
4294967278,311
4294967279,316
4294967278,571
4294967279,315
4294967278,306
4294967278,35
4294967278,34
4294967278,33
4294967278,32
4294967278,31
4294967278,30
4294967278,29
4294967278,28
4294967278,27
4294967279,22
4294967279,21
4294967279,19
4294967279,17
4294967279,16
4294967279,14
4294967279,12
4294967279,11
4294967278,307
4294967279,183
4294967278,179
4294967279,179
4294967278,297
4294967279,304
4294967278,296
4294967279,379
4294967278,570
4294967278,170
4294967278,569
4294967279,171
4294967278,168
4294967279,169
54,5
4294967279,168
54,4
54,3
54,2
54,1
4294967279,378
4294967278,162
52,4
52,3
52,2
52,1
4294967278,293
4294967278,158
4294967294,392
4294967294,114
4294967294,461
4294967294,467
4294967294,164
4294967294,453
4294967279,157
4294967278,292
4294967279,156
51,6
4294967278,291
51,5
4294967279,152
4294967278,151
4294967279,151
51,4
51,3
51,2
51,1
4294967279,150
4294967278,149
4294967279,149
4294967294,120
4294967279,147
50,5
4294967279,145
50,4
4294967279,144
50,3
50,2
50,1
4294967279,143
4294967279,140
49,4
49,3
49,2
49,1
4294967278,274
4294967278,285
